%YAML:1.0
---
calibration_time: "2020年07月22日 星期三 22时44分54秒"
image_width: 1280
image_height: 720
board_width: 8
board_height: 6
square_size: 1.
flags: 0
camera_matrix: !!opencv-matrix
   rows: 3
   cols: 3
   dt: d
   data: [ 5.6358903527268410e+02, 0., 6.1928932512510994e+02, 0.,
       5.6703670979331082e+02, 3.6525512428728422e+02, 0., 0., 1. ]
distortion_coefficients: !!opencv-matrix
   rows: 5
   cols: 1
   dt: d
   data: [ -1.9829130083894999e-02, -4.1989654247226851e-02,
       -2.3046056923404644e-04, 3.4943853826803514e-03, 0. ]
avg_reprojection_error: 2.5553073846443947e-01
